import torch
import torch.nn as nn

class DCT8x8(nn.Module):
    def __init__(self):
        super(DCT8x8, self).__init__()
        self.filter = torch.zeros(64, 8, 8).cuda()
        self.freq_num = 64
        self.freq_range = 8

        self.filter[0] = torch.Tensor([[0.1250, 0.1250, 0.1250, 0.1250, 0.1250, 0.1250, 0.1250, 0.1250],
        [0.1250, 0.1250, 0.1250, 0.1250, 0.1250, 0.1250, 0.1250, 0.1250],
        [0.1250, 0.1250, 0.1250, 0.1250, 0.1250, 0.1250, 0.1250, 0.1250],
        [0.1250, 0.1250, 0.1250, 0.1250, 0.1250, 0.1250, 0.1250, 0.1250],
        [0.1250, 0.1250, 0.1250, 0.1250, 0.1250, 0.1250, 0.1250, 0.1250],
        [0.1250, 0.1250, 0.1250, 0.1250, 0.1250, 0.1250, 0.1250, 0.1250],
        [0.1250, 0.1250, 0.1250, 0.1250, 0.1250, 0.1250, 0.1250, 0.1250],
        [0.1250, 0.1250, 0.1250, 0.1250, 0.1250, 0.1250, 0.1250, 0.1250]])

        self.filter[1] = torch.Tensor([[ 0.1734,  0.1734,  0.1734,  0.1734,  0.1734,  0.1734,  0.1734,  0.1734],
        [ 0.1470,  0.1470,  0.1470,  0.1470,  0.1470,  0.1470,  0.1470,  0.1470],
        [ 0.0982,  0.0982,  0.0982,  0.0982,  0.0982,  0.0982,  0.0982,  0.0982],
        [ 0.0345,  0.0345,  0.0345,  0.0345,  0.0345,  0.0345,  0.0345,  0.0345],
        [-0.0345, -0.0345, -0.0345, -0.0345, -0.0345, -0.0345, -0.0345, -0.0345],
        [-0.0982, -0.0982, -0.0982, -0.0982, -0.0982, -0.0982, -0.0982, -0.0982],
        [-0.1470, -0.1470, -0.1470, -0.1470, -0.1470, -0.1470, -0.1470, -0.1470],
        [-0.1734, -0.1734, -0.1734, -0.1734, -0.1734, -0.1734, -0.1734, -0.1734]])
        
        self.filter[2] = torch.Tensor([[ 0.1633,  0.1633,  0.1633,  0.1633,  0.1633,  0.1633,  0.1633,  0.1633],
        [ 0.0676,  0.0676,  0.0676,  0.0676,  0.0676,  0.0676,  0.0676,  0.0676],
        [-0.0676, -0.0676, -0.0676, -0.0676, -0.0676, -0.0676, -0.0676, -0.0676],
        [-0.1633, -0.1633, -0.1633, -0.1633, -0.1633, -0.1633, -0.1633, -0.1633],
        [-0.1633, -0.1633, -0.1633, -0.1633, -0.1633, -0.1633, -0.1633, -0.1633],
        [-0.0676, -0.0676, -0.0676, -0.0676, -0.0676, -0.0676, -0.0676, -0.0676],
        [ 0.0676,  0.0676,  0.0676,  0.0676,  0.0676,  0.0676,  0.0676,  0.0676],
        [ 0.1633,  0.1633,  0.1633,  0.1633,  0.1633,  0.1633,  0.1633,  0.1633]])

        self.filter[3] = torch.Tensor([[ 0.1470,  0.1470,  0.1470,  0.1470,  0.1470,  0.1470,  0.1470,  0.1470],
        [-0.0345, -0.0345, -0.0345, -0.0345, -0.0345, -0.0345, -0.0345, -0.0345],
        [-0.1734, -0.1734, -0.1734, -0.1734, -0.1734, -0.1734, -0.1734, -0.1734],
        [-0.0982, -0.0982, -0.0982, -0.0982, -0.0982, -0.0982, -0.0982, -0.0982],
        [ 0.0982,  0.0982,  0.0982,  0.0982,  0.0982,  0.0982,  0.0982,  0.0982],
        [ 0.1734,  0.1734,  0.1734,  0.1734,  0.1734,  0.1734,  0.1734,  0.1734],
        [ 0.0345,  0.0345,  0.0345,  0.0345,  0.0345,  0.0345,  0.0345,  0.0345],
        [-0.1470, -0.1470, -0.1470, -0.1470, -0.1470, -0.1470, -0.1470, -0.1470]])

        self.filter[4] = torch.Tensor([[ 0.1250,  0.1250,  0.1250,  0.1250,  0.1250,  0.1250,  0.1250,  0.1250],
        [-0.1250, -0.1250, -0.1250, -0.1250, -0.1250, -0.1250, -0.1250, -0.1250],
        [-0.1250, -0.1250, -0.1250, -0.1250, -0.1250, -0.1250, -0.1250, -0.1250],
        [ 0.1250,  0.1250,  0.1250,  0.1250,  0.1250,  0.1250,  0.1250,  0.1250],
        [ 0.1250,  0.1250,  0.1250,  0.1250,  0.1250,  0.1250,  0.1250,  0.1250],
        [-0.1250, -0.1250, -0.1250, -0.1250, -0.1250, -0.1250, -0.1250, -0.1250],
        [-0.1250, -0.1250, -0.1250, -0.1250, -0.1250, -0.1250, -0.1250, -0.1250],
        [ 0.1250,  0.1250,  0.1250,  0.1250,  0.1250,  0.1250,  0.1250,  0.1250]])

        self.filter[5] = torch.Tensor([[ 0.0982,  0.0982,  0.0982,  0.0982,  0.0982,  0.0982,  0.0982,  0.0982],
        [-0.1734, -0.1734, -0.1734, -0.1734, -0.1734, -0.1734, -0.1734, -0.1734],
        [ 0.0345,  0.0345,  0.0345,  0.0345,  0.0345,  0.0345,  0.0345,  0.0345],
        [ 0.1470,  0.1470,  0.1470,  0.1470,  0.1470,  0.1470,  0.1470,  0.1470],
        [-0.1470, -0.1470, -0.1470, -0.1470, -0.1470, -0.1470, -0.1470, -0.1470],
        [-0.0345, -0.0345, -0.0345, -0.0345, -0.0345, -0.0345, -0.0345, -0.0345],
        [ 0.1734,  0.1734,  0.1734,  0.1734,  0.1734,  0.1734,  0.1734,  0.1734],
        [-0.0982, -0.0982, -0.0982, -0.0982, -0.0982, -0.0982, -0.0982, -0.0982]])

        self.filter[6] = torch.Tensor([[ 0.0676,  0.0676,  0.0676,  0.0676,  0.0676,  0.0676,  0.0676,  0.0676],
        [-0.1633, -0.1633, -0.1633, -0.1633, -0.1633, -0.1633, -0.1633, -0.1633],
        [ 0.1633,  0.1633,  0.1633,  0.1633,  0.1633,  0.1633,  0.1633,  0.1633],
        [-0.0676, -0.0676, -0.0676, -0.0676, -0.0676, -0.0676, -0.0676, -0.0676],
        [-0.0676, -0.0676, -0.0676, -0.0676, -0.0676, -0.0676, -0.0676, -0.0676],
        [ 0.1633,  0.1633,  0.1633,  0.1633,  0.1633,  0.1633,  0.1633,  0.1633],
        [-0.1633, -0.1633, -0.1633, -0.1633, -0.1633, -0.1633, -0.1633, -0.1633],
        [ 0.0676,  0.0676,  0.0676,  0.0676,  0.0676,  0.0676,  0.0676,  0.0676]])

        self.filter[7] = torch.Tensor([[ 0.0345,  0.0345,  0.0345,  0.0345,  0.0345,  0.0345,  0.0345,  0.0345],
        [-0.0982, -0.0982, -0.0982, -0.0982, -0.0982, -0.0982, -0.0982, -0.0982],
        [ 0.1470,  0.1470,  0.1470,  0.1470,  0.1470,  0.1470,  0.1470,  0.1470],
        [-0.1734, -0.1734, -0.1734, -0.1734, -0.1734, -0.1734, -0.1734, -0.1734],
        [ 0.1734,  0.1734,  0.1734,  0.1734,  0.1734,  0.1734,  0.1734,  0.1734],
        [-0.1470, -0.1470, -0.1470, -0.1470, -0.1470, -0.1470, -0.1470, -0.1470],
        [ 0.0982,  0.0982,  0.0982,  0.0982,  0.0982,  0.0982,  0.0982,  0.0982],
        [-0.0345, -0.0345, -0.0345, -0.0345, -0.0345, -0.0345, -0.0345, -0.0345]])

        self.filter[8] = torch.Tensor([[ 0.1734,  0.1470,  0.0982,  0.0345, -0.0345, -0.0982, -0.1470, -0.1734],
        [ 0.1734,  0.1470,  0.0982,  0.0345, -0.0345, -0.0982, -0.1470, -0.1734],
        [ 0.1734,  0.1470,  0.0982,  0.0345, -0.0345, -0.0982, -0.1470, -0.1734],
        [ 0.1734,  0.1470,  0.0982,  0.0345, -0.0345, -0.0982, -0.1470, -0.1734],
        [ 0.1734,  0.1470,  0.0982,  0.0345, -0.0345, -0.0982, -0.1470, -0.1734],
        [ 0.1734,  0.1470,  0.0982,  0.0345, -0.0345, -0.0982, -0.1470, -0.1734],
        [ 0.1734,  0.1470,  0.0982,  0.0345, -0.0345, -0.0982, -0.1470, -0.1734],
        [ 0.1734,  0.1470,  0.0982,  0.0345, -0.0345, -0.0982, -0.1470, -0.1734]])
        self.filter[9] = torch.Tensor([[ 0.2405,  0.2039,  0.1362,  0.0478, -0.0478, -0.1362, -0.2039, -0.2405],
        [ 0.2039,  0.1728,  0.1155,  0.0406, -0.0406, -0.1155, -0.1728, -0.2039],
        [ 0.1362,  0.1155,  0.0772,  0.0271, -0.0271, -0.0772, -0.1155, -0.1362],
        [ 0.0478,  0.0406,  0.0271,  0.0095, -0.0095, -0.0271, -0.0406, -0.0478],
        [-0.0478, -0.0406, -0.0271, -0.0095,  0.0095,  0.0271,  0.0406,  0.0478],
        [-0.1362, -0.1155, -0.0772, -0.0271,  0.0271,  0.0772,  0.1155,  0.1362],
        [-0.2039, -0.1728, -0.1155, -0.0406,  0.0406,  0.1155,  0.1728,  0.2039],
        [-0.2405, -0.2039, -0.1362, -0.0478,  0.0478,  0.1362,  0.2039,  0.2405]])
        self.filter[10] = torch.Tensor([[ 0.2265,  0.1920,  0.1283,  0.0451, -0.0451, -0.1283, -0.1920, -0.2265],
        [ 0.0938,  0.0795,  0.0532,  0.0187, -0.0187, -0.0532, -0.0795, -0.0938],
        [-0.0938, -0.0795, -0.0532, -0.0187,  0.0187,  0.0532,  0.0795,  0.0938],
        [-0.2265, -0.1920, -0.1283, -0.0451,  0.0451,  0.1283,  0.1920,  0.2265],
        [-0.2265, -0.1920, -0.1283, -0.0451,  0.0451,  0.1283,  0.1920,  0.2265],
        [-0.0938, -0.0795, -0.0532, -0.0187,  0.0187,  0.0532,  0.0795,  0.0938],
        [ 0.0938,  0.0795,  0.0532,  0.0187, -0.0187, -0.0532, -0.0795, -0.0938],
        [ 0.2265,  0.1920,  0.1283,  0.0451, -0.0451, -0.1283, -0.1920, -0.2265]])
        self.filter[11] = torch.Tensor([[ 0.2039,  0.1728,  0.1155,  0.0406, -0.0406, -0.1155, -0.1728, -0.2039],
        [-0.0478, -0.0406, -0.0271, -0.0095,  0.0095,  0.0271,  0.0406,  0.0478],
        [-0.2405, -0.2039, -0.1362, -0.0478,  0.0478,  0.1362,  0.2039,  0.2405],
        [-0.1362, -0.1155, -0.0772, -0.0271,  0.0271,  0.0772,  0.1155,  0.1362],
        [ 0.1362,  0.1155,  0.0772,  0.0271, -0.0271, -0.0772, -0.1155, -0.1362],
        [ 0.2405,  0.2039,  0.1362,  0.0478, -0.0478, -0.1362, -0.2039, -0.2405],
        [ 0.0478,  0.0406,  0.0271,  0.0095, -0.0095, -0.0271, -0.0406, -0.0478],
        [-0.2039, -0.1728, -0.1155, -0.0406,  0.0406,  0.1155,  0.1728,  0.2039]])
        self.filter[12] = torch.Tensor([[ 0.1734,  0.1470,  0.0982,  0.0345, -0.0345, -0.0982, -0.1470, -0.1734],
        [-0.1734, -0.1470, -0.0982, -0.0345,  0.0345,  0.0982,  0.1470,  0.1734],
        [-0.1734, -0.1470, -0.0982, -0.0345,  0.0345,  0.0982,  0.1470,  0.1734],
        [ 0.1734,  0.1470,  0.0982,  0.0345, -0.0345, -0.0982, -0.1470, -0.1734],
        [ 0.1734,  0.1470,  0.0982,  0.0345, -0.0345, -0.0982, -0.1470, -0.1734],
        [-0.1734, -0.1470, -0.0982, -0.0345,  0.0345,  0.0982,  0.1470,  0.1734],
        [-0.1734, -0.1470, -0.0982, -0.0345,  0.0345,  0.0982,  0.1470,  0.1734],
        [ 0.1734,  0.1470,  0.0982,  0.0345, -0.0345, -0.0982, -0.1470, -0.1734]])
        self.filter[13] = torch.Tensor([[ 0.1362,  0.1155,  0.0772,  0.0271, -0.0271, -0.0772, -0.1155, -0.1362],
        [-0.2405, -0.2039, -0.1362, -0.0478,  0.0478,  0.1362,  0.2039,  0.2405],
        [ 0.0478,  0.0406,  0.0271,  0.0095, -0.0095, -0.0271, -0.0406, -0.0478],
        [ 0.2039,  0.1728,  0.1155,  0.0406, -0.0406, -0.1155, -0.1728, -0.2039],
        [-0.2039, -0.1728, -0.1155, -0.0406,  0.0406,  0.1155,  0.1728,  0.2039],
        [-0.0478, -0.0406, -0.0271, -0.0095,  0.0095,  0.0271,  0.0406,  0.0478],
        [ 0.2405,  0.2039,  0.1362,  0.0478, -0.0478, -0.1362, -0.2039, -0.2405],
        [-0.1362, -0.1155, -0.0772, -0.0271,  0.0271,  0.0772,  0.1155,  0.1362]])
        self.filter[14] = torch.Tensor([[ 0.0938,  0.0795,  0.0532,  0.0187, -0.0187, -0.0532, -0.0795, -0.0938],
        [-0.2265, -0.1920, -0.1283, -0.0451,  0.0451,  0.1283,  0.1920,  0.2265],
        [ 0.2265,  0.1920,  0.1283,  0.0451, -0.0451, -0.1283, -0.1920, -0.2265],
        [-0.0938, -0.0795, -0.0532, -0.0187,  0.0187,  0.0532,  0.0795,  0.0938],
        [-0.0938, -0.0795, -0.0532, -0.0187,  0.0187,  0.0532,  0.0795,  0.0938],
        [ 0.2265,  0.1920,  0.1283,  0.0451, -0.0451, -0.1283, -0.1920, -0.2265],
        [-0.2265, -0.1920, -0.1283, -0.0451,  0.0451,  0.1283,  0.1920,  0.2265],
        [ 0.0938,  0.0795,  0.0532,  0.0187, -0.0187, -0.0532, -0.0795, -0.0938]])
        self.filter[15] = torch.Tensor([[ 0.0478,  0.0406,  0.0271,  0.0095, -0.0095, -0.0271, -0.0406, -0.0478],
        [-0.1362, -0.1155, -0.0772, -0.0271,  0.0271,  0.0772,  0.1155,  0.1362],
        [ 0.2039,  0.1728,  0.1155,  0.0406, -0.0406, -0.1155, -0.1728, -0.2039],
        [-0.2405, -0.2039, -0.1362, -0.0478,  0.0478,  0.1362,  0.2039,  0.2405],
        [ 0.2405,  0.2039,  0.1362,  0.0478, -0.0478, -0.1362, -0.2039, -0.2405],
        [-0.2039, -0.1728, -0.1155, -0.0406,  0.0406,  0.1155,  0.1728,  0.2039],
        [ 0.1362,  0.1155,  0.0772,  0.0271, -0.0271, -0.0772, -0.1155, -0.1362],
        [-0.0478, -0.0406, -0.0271, -0.0095,  0.0095,  0.0271,  0.0406,  0.0478]])
        self.filter[16] = torch.Tensor([[ 0.1633,  0.0676, -0.0676, -0.1633, -0.1633, -0.0676,  0.0676,  0.1633],
        [ 0.1633,  0.0676, -0.0676, -0.1633, -0.1633, -0.0676,  0.0676,  0.1633],
        [ 0.1633,  0.0676, -0.0676, -0.1633, -0.1633, -0.0676,  0.0676,  0.1633],
        [ 0.1633,  0.0676, -0.0676, -0.1633, -0.1633, -0.0676,  0.0676,  0.1633],
        [ 0.1633,  0.0676, -0.0676, -0.1633, -0.1633, -0.0676,  0.0676,  0.1633],
        [ 0.1633,  0.0676, -0.0676, -0.1633, -0.1633, -0.0676,  0.0676,  0.1633],
        [ 0.1633,  0.0676, -0.0676, -0.1633, -0.1633, -0.0676,  0.0676,  0.1633],
        [ 0.1633,  0.0676, -0.0676, -0.1633, -0.1633, -0.0676,  0.0676,  0.1633]])
        self.filter[17] = torch.Tensor([[ 0.2265,  0.0938, -0.0938, -0.2265, -0.2265, -0.0938,  0.0938,  0.2265],
        [ 0.1920,  0.0795, -0.0795, -0.1920, -0.1920, -0.0795,  0.0795,  0.1920],
        [ 0.1283,  0.0532, -0.0532, -0.1283, -0.1283, -0.0532,  0.0532,  0.1283],
        [ 0.0451,  0.0187, -0.0187, -0.0451, -0.0451, -0.0187,  0.0187,  0.0451],
        [-0.0451, -0.0187,  0.0187,  0.0451,  0.0451,  0.0187, -0.0187, -0.0451],
        [-0.1283, -0.0532,  0.0532,  0.1283,  0.1283,  0.0532, -0.0532, -0.1283],
        [-0.1920, -0.0795,  0.0795,  0.1920,  0.1920,  0.0795, -0.0795, -0.1920],
        [-0.2265, -0.0938,  0.0938,  0.2265,  0.2265,  0.0938, -0.0938, -0.2265]])
        self.filter[18] = torch.Tensor([[ 0.2134,  0.0884, -0.0884, -0.2134, -0.2134, -0.0884,  0.0884,  0.2134],
        [ 0.0884,  0.0366, -0.0366, -0.0884, -0.0884, -0.0366,  0.0366,  0.0884],
        [-0.0884, -0.0366,  0.0366,  0.0884,  0.0884,  0.0366, -0.0366, -0.0884],
        [-0.2134, -0.0884,  0.0884,  0.2134,  0.2134,  0.0884, -0.0884, -0.2134],
        [-0.2134, -0.0884,  0.0884,  0.2134,  0.2134,  0.0884, -0.0884, -0.2134],
        [-0.0884, -0.0366,  0.0366,  0.0884,  0.0884,  0.0366, -0.0366, -0.0884],
        [ 0.0884,  0.0366, -0.0366, -0.0884, -0.0884, -0.0366,  0.0366,  0.0884],
        [ 0.2134,  0.0884, -0.0884, -0.2134, -0.2134, -0.0884,  0.0884,  0.2134]])
        self.filter[19] = torch.Tensor([[ 0.1920,  0.0795, -0.0795, -0.1920, -0.1920, -0.0795,  0.0795,  0.1920],
        [-0.0451, -0.0187,  0.0187,  0.0451,  0.0451,  0.0187, -0.0187, -0.0451],
        [-0.2265, -0.0938,  0.0938,  0.2265,  0.2265,  0.0938, -0.0938, -0.2265],
        [-0.1283, -0.0532,  0.0532,  0.1283,  0.1283,  0.0532, -0.0532, -0.1283],
        [ 0.1283,  0.0532, -0.0532, -0.1283, -0.1283, -0.0532,  0.0532,  0.1283],
        [ 0.2265,  0.0938, -0.0938, -0.2265, -0.2265, -0.0938,  0.0938,  0.2265],
        [ 0.0451,  0.0187, -0.0187, -0.0451, -0.0451, -0.0187,  0.0187,  0.0451],
        [-0.1920, -0.0795,  0.0795,  0.1920,  0.1920,  0.0795, -0.0795, -0.1920]])
        self.filter[20] = torch.Tensor([[ 0.1633,  0.0676, -0.0676, -0.1633, -0.1633, -0.0676,  0.0676,  0.1633],
        [-0.1633, -0.0676,  0.0676,  0.1633,  0.1633,  0.0676, -0.0676, -0.1633],
        [-0.1633, -0.0676,  0.0676,  0.1633,  0.1633,  0.0676, -0.0676, -0.1633],
        [ 0.1633,  0.0676, -0.0676, -0.1633, -0.1633, -0.0676,  0.0676,  0.1633],
        [ 0.1633,  0.0676, -0.0676, -0.1633, -0.1633, -0.0676,  0.0676,  0.1633],
        [-0.1633, -0.0676,  0.0676,  0.1633,  0.1633,  0.0676, -0.0676, -0.1633],
        [-0.1633, -0.0676,  0.0676,  0.1633,  0.1633,  0.0676, -0.0676, -0.1633],
        [ 0.1633,  0.0676, -0.0676, -0.1633, -0.1633, -0.0676,  0.0676,  0.1633]])
        self.filter[21] = torch.Tensor([[ 0.1283,  0.0532, -0.0532, -0.1283, -0.1283, -0.0532,  0.0532,  0.1283],
        [-0.2265, -0.0938,  0.0938,  0.2265,  0.2265,  0.0938, -0.0938, -0.2265],
        [ 0.0451,  0.0187, -0.0187, -0.0451, -0.0451, -0.0187,  0.0187,  0.0451],
        [ 0.1920,  0.0795, -0.0795, -0.1920, -0.1920, -0.0795,  0.0795,  0.1920],
        [-0.1920, -0.0795,  0.0795,  0.1920,  0.1920,  0.0795, -0.0795, -0.1920],
        [-0.0451, -0.0187,  0.0187,  0.0451,  0.0451,  0.0187, -0.0187, -0.0451],
        [ 0.2265,  0.0938, -0.0938, -0.2265, -0.2265, -0.0938,  0.0938,  0.2265],
        [-0.1283, -0.0532,  0.0532,  0.1283,  0.1283,  0.0532, -0.0532, -0.1283]])
        self.filter[22] = torch.Tensor([[ 0.0884,  0.0366, -0.0366, -0.0884, -0.0884, -0.0366,  0.0366,  0.0884],
        [-0.2134, -0.0884,  0.0884,  0.2134,  0.2134,  0.0884, -0.0884, -0.2134],
        [ 0.2134,  0.0884, -0.0884, -0.2134, -0.2134, -0.0884,  0.0884,  0.2134],
        [-0.0884, -0.0366,  0.0366,  0.0884,  0.0884,  0.0366, -0.0366, -0.0884],
        [-0.0884, -0.0366,  0.0366,  0.0884,  0.0884,  0.0366, -0.0366, -0.0884],
        [ 0.2134,  0.0884, -0.0884, -0.2134, -0.2134, -0.0884,  0.0884,  0.2134],
        [-0.2134, -0.0884,  0.0884,  0.2134,  0.2134,  0.0884, -0.0884, -0.2134],
        [ 0.0884,  0.0366, -0.0366, -0.0884, -0.0884, -0.0366,  0.0366,  0.0884]])
        self.filter[23] = torch.Tensor([[ 0.0451,  0.0187, -0.0187, -0.0451, -0.0451, -0.0187,  0.0187,  0.0451],
        [-0.1283, -0.0532,  0.0532,  0.1283,  0.1283,  0.0532, -0.0532, -0.1283],
        [ 0.1920,  0.0795, -0.0795, -0.1920, -0.1920, -0.0795,  0.0795,  0.1920],
        [-0.2265, -0.0938,  0.0938,  0.2265,  0.2265,  0.0938, -0.0938, -0.2265],
        [ 0.2265,  0.0938, -0.0938, -0.2265, -0.2265, -0.0938,  0.0938,  0.2265],
        [-0.1920, -0.0795,  0.0795,  0.1920,  0.1920,  0.0795, -0.0795, -0.1920],
        [ 0.1283,  0.0532, -0.0532, -0.1283, -0.1283, -0.0532,  0.0532,  0.1283],
        [-0.0451, -0.0187,  0.0187,  0.0451,  0.0451,  0.0187, -0.0187, -0.0451]])
        self.filter[24] = torch.Tensor([[ 0.1470, -0.0345, -0.1734, -0.0982,  0.0982,  0.1734,  0.0345, -0.1470],
        [ 0.1470, -0.0345, -0.1734, -0.0982,  0.0982,  0.1734,  0.0345, -0.1470],
        [ 0.1470, -0.0345, -0.1734, -0.0982,  0.0982,  0.1734,  0.0345, -0.1470],
        [ 0.1470, -0.0345, -0.1734, -0.0982,  0.0982,  0.1734,  0.0345, -0.1470],
        [ 0.1470, -0.0345, -0.1734, -0.0982,  0.0982,  0.1734,  0.0345, -0.1470],
        [ 0.1470, -0.0345, -0.1734, -0.0982,  0.0982,  0.1734,  0.0345, -0.1470],
        [ 0.1470, -0.0345, -0.1734, -0.0982,  0.0982,  0.1734,  0.0345, -0.1470],
        [ 0.1470, -0.0345, -0.1734, -0.0982,  0.0982,  0.1734,  0.0345, -0.1470]])
        self.filter[25] = torch.Tensor([[ 0.2039, -0.0478, -0.2405, -0.1362,  0.1362,  0.2405,  0.0478, -0.2039],
        [ 0.1728, -0.0406, -0.2039, -0.1155,  0.1155,  0.2039,  0.0406, -0.1728],
        [ 0.1155, -0.0271, -0.1362, -0.0772,  0.0772,  0.1362,  0.0271, -0.1155],
        [ 0.0406, -0.0095, -0.0478, -0.0271,  0.0271,  0.0478,  0.0095, -0.0406],
        [-0.0406,  0.0095,  0.0478,  0.0271, -0.0271, -0.0478, -0.0095,  0.0406],
        [-0.1155,  0.0271,  0.1362,  0.0772, -0.0772, -0.1362, -0.0271,  0.1155],
        [-0.1728,  0.0406,  0.2039,  0.1155, -0.1155, -0.2039, -0.0406,  0.1728],
        [-0.2039,  0.0478,  0.2405,  0.1362, -0.1362, -0.2405, -0.0478,  0.2039]])
        self.filter[26] = torch.Tensor([[ 0.1920, -0.0451, -0.2265, -0.1283,  0.1283,  0.2265,  0.0451, -0.1920],
        [ 0.0795, -0.0187, -0.0938, -0.0532,  0.0532,  0.0938,  0.0187, -0.0795],
        [-0.0795,  0.0187,  0.0938,  0.0532, -0.0532, -0.0938, -0.0187,  0.0795],
        [-0.1920,  0.0451,  0.2265,  0.1283, -0.1283, -0.2265, -0.0451,  0.1920],
        [-0.1920,  0.0451,  0.2265,  0.1283, -0.1283, -0.2265, -0.0451,  0.1920],
        [-0.0795,  0.0187,  0.0938,  0.0532, -0.0532, -0.0938, -0.0187,  0.0795],
        [ 0.0795, -0.0187, -0.0938, -0.0532,  0.0532,  0.0938,  0.0187, -0.0795],
        [ 0.1920, -0.0451, -0.2265, -0.1283,  0.1283,  0.2265,  0.0451, -0.1920]])
        self.filter[27] = torch.Tensor([[ 0.1728, -0.0406, -0.2039, -0.1155,  0.1155,  0.2039,  0.0406, -0.1728],
        [-0.0406,  0.0095,  0.0478,  0.0271, -0.0271, -0.0478, -0.0095,  0.0406],
        [-0.2039,  0.0478,  0.2405,  0.1362, -0.1362, -0.2405, -0.0478,  0.2039],
        [-0.1155,  0.0271,  0.1362,  0.0772, -0.0772, -0.1362, -0.0271,  0.1155],
        [ 0.1155, -0.0271, -0.1362, -0.0772,  0.0772,  0.1362,  0.0271, -0.1155],
        [ 0.2039, -0.0478, -0.2405, -0.1362,  0.1362,  0.2405,  0.0478, -0.2039],
        [ 0.0406, -0.0095, -0.0478, -0.0271,  0.0271,  0.0478,  0.0095, -0.0406],
        [-0.1728,  0.0406,  0.2039,  0.1155, -0.1155, -0.2039, -0.0406,  0.1728]])
        self.filter[28] = torch.Tensor([[ 0.1470, -0.0345, -0.1734, -0.0982,  0.0982,  0.1734,  0.0345, -0.1470],
        [-0.1470,  0.0345,  0.1734,  0.0982, -0.0982, -0.1734, -0.0345,  0.1470],
        [-0.1470,  0.0345,  0.1734,  0.0982, -0.0982, -0.1734, -0.0345,  0.1470],
        [ 0.1470, -0.0345, -0.1734, -0.0982,  0.0982,  0.1734,  0.0345, -0.1470],
        [ 0.1470, -0.0345, -0.1734, -0.0982,  0.0982,  0.1734,  0.0345, -0.1470],
        [-0.1470,  0.0345,  0.1734,  0.0982, -0.0982, -0.1734, -0.0345,  0.1470],
        [-0.1470,  0.0345,  0.1734,  0.0982, -0.0982, -0.1734, -0.0345,  0.1470],
        [ 0.1470, -0.0345, -0.1734, -0.0982,  0.0982,  0.1734,  0.0345, -0.1470]])
        self.filter[29] = torch.Tensor([[ 0.1155, -0.0271, -0.1362, -0.0772,  0.0772,  0.1362,  0.0271, -0.1155],
        [-0.2039,  0.0478,  0.2405,  0.1362, -0.1362, -0.2405, -0.0478,  0.2039],
        [ 0.0406, -0.0095, -0.0478, -0.0271,  0.0271,  0.0478,  0.0095, -0.0406],
        [ 0.1728, -0.0406, -0.2039, -0.1155,  0.1155,  0.2039,  0.0406, -0.1728],
        [-0.1728,  0.0406,  0.2039,  0.1155, -0.1155, -0.2039, -0.0406,  0.1728],
        [-0.0406,  0.0095,  0.0478,  0.0271, -0.0271, -0.0478, -0.0095,  0.0406],
        [ 0.2039, -0.0478, -0.2405, -0.1362,  0.1362,  0.2405,  0.0478, -0.2039],
        [-0.1155,  0.0271,  0.1362,  0.0772, -0.0772, -0.1362, -0.0271,  0.1155]])
        self.filter[30] = torch.Tensor([[ 0.0795, -0.0187, -0.0938, -0.0532,  0.0532,  0.0938,  0.0187, -0.0795],
        [-0.1920,  0.0451,  0.2265,  0.1283, -0.1283, -0.2265, -0.0451,  0.1920],
        [ 0.1920, -0.0451, -0.2265, -0.1283,  0.1283,  0.2265,  0.0451, -0.1920],
        [-0.0795,  0.0187,  0.0938,  0.0532, -0.0532, -0.0938, -0.0187,  0.0795],
        [-0.0795,  0.0187,  0.0938,  0.0532, -0.0532, -0.0938, -0.0187,  0.0795],
        [ 0.1920, -0.0451, -0.2265, -0.1283,  0.1283,  0.2265,  0.0451, -0.1920],
        [-0.1920,  0.0451,  0.2265,  0.1283, -0.1283, -0.2265, -0.0451,  0.1920],
        [ 0.0795, -0.0187, -0.0938, -0.0532,  0.0532,  0.0938,  0.0187, -0.0795]])
        self.filter[31] = torch.Tensor([[ 0.0406, -0.0095, -0.0478, -0.0271,  0.0271,  0.0478,  0.0095, -0.0406],
        [-0.1155,  0.0271,  0.1362,  0.0772, -0.0772, -0.1362, -0.0271,  0.1155],
        [ 0.1728, -0.0406, -0.2039, -0.1155,  0.1155,  0.2039,  0.0406, -0.1728],
        [-0.2039,  0.0478,  0.2405,  0.1362, -0.1362, -0.2405, -0.0478,  0.2039],
        [ 0.2039, -0.0478, -0.2405, -0.1362,  0.1362,  0.2405,  0.0478, -0.2039],
        [-0.1728,  0.0406,  0.2039,  0.1155, -0.1155, -0.2039, -0.0406,  0.1728],
        [ 0.1155, -0.0271, -0.1362, -0.0772,  0.0772,  0.1362,  0.0271, -0.1155],
        [-0.0406,  0.0095,  0.0478,  0.0271, -0.0271, -0.0478, -0.0095,  0.0406]])
        self.filter[32] = torch.Tensor([[ 0.1250, -0.1250, -0.1250,  0.1250,  0.1250, -0.1250, -0.1250,  0.1250],
        [ 0.1250, -0.1250, -0.1250,  0.1250,  0.1250, -0.1250, -0.1250,  0.1250],
        [ 0.1250, -0.1250, -0.1250,  0.1250,  0.1250, -0.1250, -0.1250,  0.1250],
        [ 0.1250, -0.1250, -0.1250,  0.1250,  0.1250, -0.1250, -0.1250,  0.1250],
        [ 0.1250, -0.1250, -0.1250,  0.1250,  0.1250, -0.1250, -0.1250,  0.1250],
        [ 0.1250, -0.1250, -0.1250,  0.1250,  0.1250, -0.1250, -0.1250,  0.1250],
        [ 0.1250, -0.1250, -0.1250,  0.1250,  0.1250, -0.1250, -0.1250,  0.1250],
        [ 0.1250, -0.1250, -0.1250,  0.1250,  0.1250, -0.1250, -0.1250,  0.1250]])
        self.filter[33] = torch.Tensor([[ 0.1734, -0.1734, -0.1734,  0.1734,  0.1734, -0.1734, -0.1734,  0.1734],
        [ 0.1470, -0.1470, -0.1470,  0.1470,  0.1470, -0.1470, -0.1470,  0.1470],
        [ 0.0982, -0.0982, -0.0982,  0.0982,  0.0982, -0.0982, -0.0982,  0.0982],
        [ 0.0345, -0.0345, -0.0345,  0.0345,  0.0345, -0.0345, -0.0345,  0.0345],
        [-0.0345,  0.0345,  0.0345, -0.0345, -0.0345,  0.0345,  0.0345, -0.0345],
        [-0.0982,  0.0982,  0.0982, -0.0982, -0.0982,  0.0982,  0.0982, -0.0982],
        [-0.1470,  0.1470,  0.1470, -0.1470, -0.1470,  0.1470,  0.1470, -0.1470],
        [-0.1734,  0.1734,  0.1734, -0.1734, -0.1734,  0.1734,  0.1734, -0.1734]])
        self.filter[34] = torch.Tensor([[ 0.1633, -0.1633, -0.1633,  0.1633,  0.1633, -0.1633, -0.1633,  0.1633],
        [ 0.0676, -0.0676, -0.0676,  0.0676,  0.0676, -0.0676, -0.0676,  0.0676],
        [-0.0676,  0.0676,  0.0676, -0.0676, -0.0676,  0.0676,  0.0676, -0.0676],
        [-0.1633,  0.1633,  0.1633, -0.1633, -0.1633,  0.1633,  0.1633, -0.1633],
        [-0.1633,  0.1633,  0.1633, -0.1633, -0.1633,  0.1633,  0.1633, -0.1633],
        [-0.0676,  0.0676,  0.0676, -0.0676, -0.0676,  0.0676,  0.0676, -0.0676],
        [ 0.0676, -0.0676, -0.0676,  0.0676,  0.0676, -0.0676, -0.0676,  0.0676],
        [ 0.1633, -0.1633, -0.1633,  0.1633,  0.1633, -0.1633, -0.1633,  0.1633]])
        self.filter[35] = torch.Tensor([[ 0.1470, -0.1470, -0.1470,  0.1470,  0.1470, -0.1470, -0.1470,  0.1470],
        [-0.0345,  0.0345,  0.0345, -0.0345, -0.0345,  0.0345,  0.0345, -0.0345],
        [-0.1734,  0.1734,  0.1734, -0.1734, -0.1734,  0.1734,  0.1734, -0.1734],
        [-0.0982,  0.0982,  0.0982, -0.0982, -0.0982,  0.0982,  0.0982, -0.0982],
        [ 0.0982, -0.0982, -0.0982,  0.0982,  0.0982, -0.0982, -0.0982,  0.0982],
        [ 0.1734, -0.1734, -0.1734,  0.1734,  0.1734, -0.1734, -0.1734,  0.1734],
        [ 0.0345, -0.0345, -0.0345,  0.0345,  0.0345, -0.0345, -0.0345,  0.0345],
        [-0.1470,  0.1470,  0.1470, -0.1470, -0.1470,  0.1470,  0.1470, -0.1470]])
        self.filter[36] = torch.Tensor([[ 0.1250, -0.1250, -0.1250,  0.1250,  0.1250, -0.1250, -0.1250,  0.1250],
        [-0.1250,  0.1250,  0.1250, -0.1250, -0.1250,  0.1250,  0.1250, -0.1250],
        [-0.1250,  0.1250,  0.1250, -0.1250, -0.1250,  0.1250,  0.1250, -0.1250],
        [ 0.1250, -0.1250, -0.1250,  0.1250,  0.1250, -0.1250, -0.1250,  0.1250],
        [ 0.1250, -0.1250, -0.1250,  0.1250,  0.1250, -0.1250, -0.1250,  0.1250],
        [-0.1250,  0.1250,  0.1250, -0.1250, -0.1250,  0.1250,  0.1250, -0.1250],
        [-0.1250,  0.1250,  0.1250, -0.1250, -0.1250,  0.1250,  0.1250, -0.1250],
        [ 0.1250, -0.1250, -0.1250,  0.1250,  0.1250, -0.1250, -0.1250,  0.1250]])
        self.filter[37] = torch.Tensor([[ 0.0982, -0.0982, -0.0982,  0.0982,  0.0982, -0.0982, -0.0982,  0.0982],
        [-0.1734,  0.1734,  0.1734, -0.1734, -0.1734,  0.1734,  0.1734, -0.1734],
        [ 0.0345, -0.0345, -0.0345,  0.0345,  0.0345, -0.0345, -0.0345,  0.0345],
        [ 0.1470, -0.1470, -0.1470,  0.1470,  0.1470, -0.1470, -0.1470,  0.1470],
        [-0.1470,  0.1470,  0.1470, -0.1470, -0.1470,  0.1470,  0.1470, -0.1470],
        [-0.0345,  0.0345,  0.0345, -0.0345, -0.0345,  0.0345,  0.0345, -0.0345],
        [ 0.1734, -0.1734, -0.1734,  0.1734,  0.1734, -0.1734, -0.1734,  0.1734],
        [-0.0982,  0.0982,  0.0982, -0.0982, -0.0982,  0.0982,  0.0982, -0.0982]])
        self.filter[38] = torch.Tensor([[ 0.0676, -0.0676, -0.0676,  0.0676,  0.0676, -0.0676, -0.0676,  0.0676],
        [-0.1633,  0.1633,  0.1633, -0.1633, -0.1633,  0.1633,  0.1633, -0.1633],
        [ 0.1633, -0.1633, -0.1633,  0.1633,  0.1633, -0.1633, -0.1633,  0.1633],
        [-0.0676,  0.0676,  0.0676, -0.0676, -0.0676,  0.0676,  0.0676, -0.0676],
        [-0.0676,  0.0676,  0.0676, -0.0676, -0.0676,  0.0676,  0.0676, -0.0676],
        [ 0.1633, -0.1633, -0.1633,  0.1633,  0.1633, -0.1633, -0.1633,  0.1633],
        [-0.1633,  0.1633,  0.1633, -0.1633, -0.1633,  0.1633,  0.1633, -0.1633],
        [ 0.0676, -0.0676, -0.0676,  0.0676,  0.0676, -0.0676, -0.0676,  0.0676]])
        self.filter[39] = torch.Tensor([[ 0.0345, -0.0345, -0.0345,  0.0345,  0.0345, -0.0345, -0.0345,  0.0345],
        [-0.0982,  0.0982,  0.0982, -0.0982, -0.0982,  0.0982,  0.0982, -0.0982],
        [ 0.1470, -0.1470, -0.1470,  0.1470,  0.1470, -0.1470, -0.1470,  0.1470],
        [-0.1734,  0.1734,  0.1734, -0.1734, -0.1734,  0.1734,  0.1734, -0.1734],
        [ 0.1734, -0.1734, -0.1734,  0.1734,  0.1734, -0.1734, -0.1734,  0.1734],
        [-0.1470,  0.1470,  0.1470, -0.1470, -0.1470,  0.1470,  0.1470, -0.1470],
        [ 0.0982, -0.0982, -0.0982,  0.0982,  0.0982, -0.0982, -0.0982,  0.0982],
        [-0.0345,  0.0345,  0.0345, -0.0345, -0.0345,  0.0345,  0.0345, -0.0345]])
        self.filter[40] = torch.Tensor([[ 0.0982, -0.1734,  0.0345,  0.1470, -0.1470, -0.0345,  0.1734, -0.0982],
        [ 0.0982, -0.1734,  0.0345,  0.1470, -0.1470, -0.0345,  0.1734, -0.0982],
        [ 0.0982, -0.1734,  0.0345,  0.1470, -0.1470, -0.0345,  0.1734, -0.0982],
        [ 0.0982, -0.1734,  0.0345,  0.1470, -0.1470, -0.0345,  0.1734, -0.0982],
        [ 0.0982, -0.1734,  0.0345,  0.1470, -0.1470, -0.0345,  0.1734, -0.0982],
        [ 0.0982, -0.1734,  0.0345,  0.1470, -0.1470, -0.0345,  0.1734, -0.0982],
        [ 0.0982, -0.1734,  0.0345,  0.1470, -0.1470, -0.0345,  0.1734, -0.0982],
        [ 0.0982, -0.1734,  0.0345,  0.1470, -0.1470, -0.0345,  0.1734, -0.0982]])
        self.filter[41] = torch.Tensor([[ 0.1362, -0.2405,  0.0478,  0.2039, -0.2039, -0.0478,  0.2405, -0.1362],
        [ 0.1155, -0.2039,  0.0406,  0.1728, -0.1728, -0.0406,  0.2039, -0.1155],
        [ 0.0772, -0.1362,  0.0271,  0.1155, -0.1155, -0.0271,  0.1362, -0.0772],
        [ 0.0271, -0.0478,  0.0095,  0.0406, -0.0406, -0.0095,  0.0478, -0.0271],
        [-0.0271,  0.0478, -0.0095, -0.0406,  0.0406,  0.0095, -0.0478,  0.0271],
        [-0.0772,  0.1362, -0.0271, -0.1155,  0.1155,  0.0271, -0.1362,  0.0772],
        [-0.1155,  0.2039, -0.0406, -0.1728,  0.1728,  0.0406, -0.2039,  0.1155],
        [-0.1362,  0.2405, -0.0478, -0.2039,  0.2039,  0.0478, -0.2405,  0.1362]])
        self.filter[42] = torch.Tensor([[ 0.1283, -0.2265,  0.0451,  0.1920, -0.1920, -0.0451,  0.2265, -0.1283],
        [ 0.0532, -0.0938,  0.0187,  0.0795, -0.0795, -0.0187,  0.0938, -0.0532],
        [-0.0532,  0.0938, -0.0187, -0.0795,  0.0795,  0.0187, -0.0938,  0.0532],
        [-0.1283,  0.2265, -0.0451, -0.1920,  0.1920,  0.0451, -0.2265,  0.1283],
        [-0.1283,  0.2265, -0.0451, -0.1920,  0.1920,  0.0451, -0.2265,  0.1283],
        [-0.0532,  0.0938, -0.0187, -0.0795,  0.0795,  0.0187, -0.0938,  0.0532],
        [ 0.0532, -0.0938,  0.0187,  0.0795, -0.0795, -0.0187,  0.0938, -0.0532],
        [ 0.1283, -0.2265,  0.0451,  0.1920, -0.1920, -0.0451,  0.2265, -0.1283]])
        self.filter[43] = torch.Tensor([[ 0.1155, -0.2039,  0.0406,  0.1728, -0.1728, -0.0406,  0.2039, -0.1155],
        [-0.0271,  0.0478, -0.0095, -0.0406,  0.0406,  0.0095, -0.0478,  0.0271],
        [-0.1362,  0.2405, -0.0478, -0.2039,  0.2039,  0.0478, -0.2405,  0.1362],
        [-0.0772,  0.1362, -0.0271, -0.1155,  0.1155,  0.0271, -0.1362,  0.0772],
        [ 0.0772, -0.1362,  0.0271,  0.1155, -0.1155, -0.0271,  0.1362, -0.0772],
        [ 0.1362, -0.2405,  0.0478,  0.2039, -0.2039, -0.0478,  0.2405, -0.1362],
        [ 0.0271, -0.0478,  0.0095,  0.0406, -0.0406, -0.0095,  0.0478, -0.0271],
        [-0.1155,  0.2039, -0.0406, -0.1728,  0.1728,  0.0406, -0.2039,  0.1155]])
        self.filter[44] = torch.Tensor([[ 0.0982, -0.1734,  0.0345,  0.1470, -0.1470, -0.0345,  0.1734, -0.0982],
        [-0.0982,  0.1734, -0.0345, -0.1470,  0.1470,  0.0345, -0.1734,  0.0982],
        [-0.0982,  0.1734, -0.0345, -0.1470,  0.1470,  0.0345, -0.1734,  0.0982],
        [ 0.0982, -0.1734,  0.0345,  0.1470, -0.1470, -0.0345,  0.1734, -0.0982],
        [ 0.0982, -0.1734,  0.0345,  0.1470, -0.1470, -0.0345,  0.1734, -0.0982],
        [-0.0982,  0.1734, -0.0345, -0.1470,  0.1470,  0.0345, -0.1734,  0.0982],
        [-0.0982,  0.1734, -0.0345, -0.1470,  0.1470,  0.0345, -0.1734,  0.0982],
        [ 0.0982, -0.1734,  0.0345,  0.1470, -0.1470, -0.0345,  0.1734, -0.0982]])
        self.filter[45] = torch.Tensor([[ 0.0772, -0.1362,  0.0271,  0.1155, -0.1155, -0.0271,  0.1362, -0.0772],
        [-0.1362,  0.2405, -0.0478, -0.2039,  0.2039,  0.0478, -0.2405,  0.1362],
        [ 0.0271, -0.0478,  0.0095,  0.0406, -0.0406, -0.0095,  0.0478, -0.0271],
        [ 0.1155, -0.2039,  0.0406,  0.1728, -0.1728, -0.0406,  0.2039, -0.1155],
        [-0.1155,  0.2039, -0.0406, -0.1728,  0.1728,  0.0406, -0.2039,  0.1155],
        [-0.0271,  0.0478, -0.0095, -0.0406,  0.0406,  0.0095, -0.0478,  0.0271],
        [ 0.1362, -0.2405,  0.0478,  0.2039, -0.2039, -0.0478,  0.2405, -0.1362],
        [-0.0772,  0.1362, -0.0271, -0.1155,  0.1155,  0.0271, -0.1362,  0.0772]])
        self.filter[46] = torch.Tensor([[ 0.0532, -0.0938,  0.0187,  0.0795, -0.0795, -0.0187,  0.0938, -0.0532],
        [-0.1283,  0.2265, -0.0451, -0.1920,  0.1920,  0.0451, -0.2265,  0.1283],
        [ 0.1283, -0.2265,  0.0451,  0.1920, -0.1920, -0.0451,  0.2265, -0.1283],
        [-0.0532,  0.0938, -0.0187, -0.0795,  0.0795,  0.0187, -0.0938,  0.0532],
        [-0.0532,  0.0938, -0.0187, -0.0795,  0.0795,  0.0187, -0.0938,  0.0532],
        [ 0.1283, -0.2265,  0.0451,  0.1920, -0.1920, -0.0451,  0.2265, -0.1283],
        [-0.1283,  0.2265, -0.0451, -0.1920,  0.1920,  0.0451, -0.2265,  0.1283],
        [ 0.0532, -0.0938,  0.0187,  0.0795, -0.0795, -0.0187,  0.0938, -0.0532]])
        self.filter[47] = torch.Tensor([[ 0.0271, -0.0478,  0.0095,  0.0406, -0.0406, -0.0095,  0.0478, -0.0271],
        [-0.0772,  0.1362, -0.0271, -0.1155,  0.1155,  0.0271, -0.1362,  0.0772],
        [ 0.1155, -0.2039,  0.0406,  0.1728, -0.1728, -0.0406,  0.2039, -0.1155],
        [-0.1362,  0.2405, -0.0478, -0.2039,  0.2039,  0.0478, -0.2405,  0.1362],
        [ 0.1362, -0.2405,  0.0478,  0.2039, -0.2039, -0.0478,  0.2405, -0.1362],
        [-0.1155,  0.2039, -0.0406, -0.1728,  0.1728,  0.0406, -0.2039,  0.1155],
        [ 0.0772, -0.1362,  0.0271,  0.1155, -0.1155, -0.0271,  0.1362, -0.0772],
        [-0.0271,  0.0478, -0.0095, -0.0406,  0.0406,  0.0095, -0.0478,  0.0271]])
        self.filter[48] = torch.Tensor([[ 0.0676, -0.1633,  0.1633, -0.0676, -0.0676,  0.1633, -0.1633,  0.0676],
        [ 0.0676, -0.1633,  0.1633, -0.0676, -0.0676,  0.1633, -0.1633,  0.0676],
        [ 0.0676, -0.1633,  0.1633, -0.0676, -0.0676,  0.1633, -0.1633,  0.0676],
        [ 0.0676, -0.1633,  0.1633, -0.0676, -0.0676,  0.1633, -0.1633,  0.0676],
        [ 0.0676, -0.1633,  0.1633, -0.0676, -0.0676,  0.1633, -0.1633,  0.0676],
        [ 0.0676, -0.1633,  0.1633, -0.0676, -0.0676,  0.1633, -0.1633,  0.0676],
        [ 0.0676, -0.1633,  0.1633, -0.0676, -0.0676,  0.1633, -0.1633,  0.0676],
        [ 0.0676, -0.1633,  0.1633, -0.0676, -0.0676,  0.1633, -0.1633,  0.0676]])
        self.filter[49] = torch.Tensor([[ 0.0938, -0.2265,  0.2265, -0.0938, -0.0938,  0.2265, -0.2265,  0.0938],
        [ 0.0795, -0.1920,  0.1920, -0.0795, -0.0795,  0.1920, -0.1920,  0.0795],
        [ 0.0532, -0.1283,  0.1283, -0.0532, -0.0532,  0.1283, -0.1283,  0.0532],
        [ 0.0187, -0.0451,  0.0451, -0.0187, -0.0187,  0.0451, -0.0451,  0.0187],
        [-0.0187,  0.0451, -0.0451,  0.0187,  0.0187, -0.0451,  0.0451, -0.0187],
        [-0.0532,  0.1283, -0.1283,  0.0532,  0.0532, -0.1283,  0.1283, -0.0532],
        [-0.0795,  0.1920, -0.1920,  0.0795,  0.0795, -0.1920,  0.1920, -0.0795],
        [-0.0938,  0.2265, -0.2265,  0.0938,  0.0938, -0.2265,  0.2265, -0.0938]])
        self.filter[50] = torch.Tensor([[ 0.0884, -0.2134,  0.2134, -0.0884, -0.0884,  0.2134, -0.2134,  0.0884],
        [ 0.0366, -0.0884,  0.0884, -0.0366, -0.0366,  0.0884, -0.0884,  0.0366],
        [-0.0366,  0.0884, -0.0884,  0.0366,  0.0366, -0.0884,  0.0884, -0.0366],
        [-0.0884,  0.2134, -0.2134,  0.0884,  0.0884, -0.2134,  0.2134, -0.0884],
        [-0.0884,  0.2134, -0.2134,  0.0884,  0.0884, -0.2134,  0.2134, -0.0884],
        [-0.0366,  0.0884, -0.0884,  0.0366,  0.0366, -0.0884,  0.0884, -0.0366],
        [ 0.0366, -0.0884,  0.0884, -0.0366, -0.0366,  0.0884, -0.0884,  0.0366],
        [ 0.0884, -0.2134,  0.2134, -0.0884, -0.0884,  0.2134, -0.2134,  0.0884]])
        self.filter[51] = torch.Tensor([[ 0.0795, -0.1920,  0.1920, -0.0795, -0.0795,  0.1920, -0.1920,  0.0795],
        [-0.0187,  0.0451, -0.0451,  0.0187,  0.0187, -0.0451,  0.0451, -0.0187],
        [-0.0938,  0.2265, -0.2265,  0.0938,  0.0938, -0.2265,  0.2265, -0.0938],
        [-0.0532,  0.1283, -0.1283,  0.0532,  0.0532, -0.1283,  0.1283, -0.0532],
        [ 0.0532, -0.1283,  0.1283, -0.0532, -0.0532,  0.1283, -0.1283,  0.0532],
        [ 0.0938, -0.2265,  0.2265, -0.0938, -0.0938,  0.2265, -0.2265,  0.0938],
        [ 0.0187, -0.0451,  0.0451, -0.0187, -0.0187,  0.0451, -0.0451,  0.0187],
        [-0.0795,  0.1920, -0.1920,  0.0795,  0.0795, -0.1920,  0.1920, -0.0795]])
        self.filter[52] = torch.Tensor([[ 0.0676, -0.1633,  0.1633, -0.0676, -0.0676,  0.1633, -0.1633,  0.0676],
        [-0.0676,  0.1633, -0.1633,  0.0676,  0.0676, -0.1633,  0.1633, -0.0676],
        [-0.0676,  0.1633, -0.1633,  0.0676,  0.0676, -0.1633,  0.1633, -0.0676],
        [ 0.0676, -0.1633,  0.1633, -0.0676, -0.0676,  0.1633, -0.1633,  0.0676],
        [ 0.0676, -0.1633,  0.1633, -0.0676, -0.0676,  0.1633, -0.1633,  0.0676],
        [-0.0676,  0.1633, -0.1633,  0.0676,  0.0676, -0.1633,  0.1633, -0.0676],
        [-0.0676,  0.1633, -0.1633,  0.0676,  0.0676, -0.1633,  0.1633, -0.0676],
        [ 0.0676, -0.1633,  0.1633, -0.0676, -0.0676,  0.1633, -0.1633,  0.0676]])
        self.filter[53] = torch.Tensor([[ 0.0532, -0.1283,  0.1283, -0.0532, -0.0532,  0.1283, -0.1283,  0.0532],
        [-0.0938,  0.2265, -0.2265,  0.0938,  0.0938, -0.2265,  0.2265, -0.0938],
        [ 0.0187, -0.0451,  0.0451, -0.0187, -0.0187,  0.0451, -0.0451,  0.0187],
        [ 0.0795, -0.1920,  0.1920, -0.0795, -0.0795,  0.1920, -0.1920,  0.0795],
        [-0.0795,  0.1920, -0.1920,  0.0795,  0.0795, -0.1920,  0.1920, -0.0795],
        [-0.0187,  0.0451, -0.0451,  0.0187,  0.0187, -0.0451,  0.0451, -0.0187],
        [ 0.0938, -0.2265,  0.2265, -0.0938, -0.0938,  0.2265, -0.2265,  0.0938],
        [-0.0532,  0.1283, -0.1283,  0.0532,  0.0532, -0.1283,  0.1283, -0.0532]])
        self.filter[54] = torch.Tensor([[ 0.0366, -0.0884,  0.0884, -0.0366, -0.0366,  0.0884, -0.0884,  0.0366],
        [-0.0884,  0.2134, -0.2134,  0.0884,  0.0884, -0.2134,  0.2134, -0.0884],
        [ 0.0884, -0.2134,  0.2134, -0.0884, -0.0884,  0.2134, -0.2134,  0.0884],
        [-0.0366,  0.0884, -0.0884,  0.0366,  0.0366, -0.0884,  0.0884, -0.0366],
        [-0.0366,  0.0884, -0.0884,  0.0366,  0.0366, -0.0884,  0.0884, -0.0366],
        [ 0.0884, -0.2134,  0.2134, -0.0884, -0.0884,  0.2134, -0.2134,  0.0884],
        [-0.0884,  0.2134, -0.2134,  0.0884,  0.0884, -0.2134,  0.2134, -0.0884],
        [ 0.0366, -0.0884,  0.0884, -0.0366, -0.0366,  0.0884, -0.0884,  0.0366]])
        self.filter[55] = torch.Tensor([[ 0.0187, -0.0451,  0.0451, -0.0187, -0.0187,  0.0451, -0.0451,  0.0187],
        [-0.0532,  0.1283, -0.1283,  0.0532,  0.0532, -0.1283,  0.1283, -0.0532],
        [ 0.0795, -0.1920,  0.1920, -0.0795, -0.0795,  0.1920, -0.1920,  0.0795],
        [-0.0938,  0.2265, -0.2265,  0.0938,  0.0938, -0.2265,  0.2265, -0.0938],
        [ 0.0938, -0.2265,  0.2265, -0.0938, -0.0938,  0.2265, -0.2265,  0.0938],
        [-0.0795,  0.1920, -0.1920,  0.0795,  0.0795, -0.1920,  0.1920, -0.0795],
        [ 0.0532, -0.1283,  0.1283, -0.0532, -0.0532,  0.1283, -0.1283,  0.0532],
        [-0.0187,  0.0451, -0.0451,  0.0187,  0.0187, -0.0451,  0.0451, -0.0187]])
        self.filter[56] = torch.Tensor([[ 0.0345, -0.0982,  0.1470, -0.1734,  0.1734, -0.1470,  0.0982, -0.0345],
        [ 0.0345, -0.0982,  0.1470, -0.1734,  0.1734, -0.1470,  0.0982, -0.0345],
        [ 0.0345, -0.0982,  0.1470, -0.1734,  0.1734, -0.1470,  0.0982, -0.0345],
        [ 0.0345, -0.0982,  0.1470, -0.1734,  0.1734, -0.1470,  0.0982, -0.0345],
        [ 0.0345, -0.0982,  0.1470, -0.1734,  0.1734, -0.1470,  0.0982, -0.0345],
        [ 0.0345, -0.0982,  0.1470, -0.1734,  0.1734, -0.1470,  0.0982, -0.0345],
        [ 0.0345, -0.0982,  0.1470, -0.1734,  0.1734, -0.1470,  0.0982, -0.0345],
        [ 0.0345, -0.0982,  0.1470, -0.1734,  0.1734, -0.1470,  0.0982, -0.0345]])
        self.filter[57] = torch.Tensor([[ 0.0478, -0.1362,  0.2039, -0.2405,  0.2405, -0.2039,  0.1362, -0.0478],
        [ 0.0406, -0.1155,  0.1728, -0.2039,  0.2039, -0.1728,  0.1155, -0.0406],
        [ 0.0271, -0.0772,  0.1155, -0.1362,  0.1362, -0.1155,  0.0772, -0.0271],
        [ 0.0095, -0.0271,  0.0406, -0.0478,  0.0478, -0.0406,  0.0271, -0.0095],
        [-0.0095,  0.0271, -0.0406,  0.0478, -0.0478,  0.0406, -0.0271,  0.0095],
        [-0.0271,  0.0772, -0.1155,  0.1362, -0.1362,  0.1155, -0.0772,  0.0271],
